0000000000000000000000000
0                       0
0                       0
0                       0
0       0000000         0
0                       0
0                       0
0                       0
0    00         00      0
0                       0
0                       0
0                       0
0           200000      0
0          2000000      0
0         20000000      0
0        200000000      0
0       2000000000      0
0      20000000000      0
0   p 200000000000      0
0000000000000000000333000
